1 0.000001
2 0.000001
3 0.000001
4 0.000001
5 0.000002
6 0.000001
7 0.000001
8 0.000001
9 0.000002
10 0.000001
20 0.000001
30 0.000002
40 0.000001
50 0.000001
60 0.000001
70 0.000002
80 0.000002
90 0.000002
100 0.000002
200 0.000003
300 0.000003
400 0.000003
500 0.000004
600 0.000006
700 0.000006
800 0.000006
900 0.000007
1000 0.000008
2000 0.000014
3000 0.000020
4000 0.000028
5000 0.000035
6000 0.000040
7000 0.000046
8000 0.000064
9000 0.000062
10000 0.000070
20000 0.000141
30000 0.000194
40000 0.000272
50000 0.000336
60000 0.000413
70000 0.000488
80000 0.000539
90000 0.000604
100000 0.000681
200000 0.001352
300000 0.002030
400000 0.002705
500000 0.003393
600000 0.004061
700000 0.004751
800000 0.005413
900000 0.006099
1000000 0.006767
2000000 0.013533
3000000 0.020291
4000000 0.027048
5000000 0.033808
6000000 0.040576
7000000 0.047332
8000000 0.054143
9000000 0.060853
10000000 0.067592
20000000 0.135203
30000000 0.202956
40000000 0.270453
50000000 0.338036
60000000 0.405568
70000000 0.473208
80000000 0.540771
90000000 0.608393
100000000 0.675987
