1 0.000002
2 0.000002
3 0.000003
4 0.000003
5 0.000004
6 0.000004
7 0.000005
8 0.000005
9 0.000006
10 0.000007
20 0.000012
30 0.000016
40 0.000023
50 0.000028
60 0.000035
70 0.000037
80 0.000043
90 0.000050
100 0.000056
200 0.000111
300 0.000167
400 0.000208
500 0.000260
600 0.000311
700 0.000378
800 0.000439
900 0.000502
1000 0.000553
2000 0.001092
3000 0.001629
4000 0.002172
5000 0.002720
6000 0.003275
7000 0.003818
8000 0.004360
9000 0.004912
10000 0.005444
20000 0.010910
30000 0.016339
40000 0.021805
50000 0.027253
60000 0.032690
70000 0.038131
80000 0.043600
90000 0.049052
100000 0.054470
200000 0.108933
300000 0.163401
400000 0.217845
500000 0.272326
600000 0.326791
700000 0.381249
800000 0.435746
900000 0.490182
1000000 0.544666
2000000 1.089305
3000000 1.633866
4000000 2.178515
5000000 2.723130
6000000 3.267710
7000000 3.812516
8000000 4.357083
9000000 4.901714
10000000 5.446405
20000000 10.892730
30000000 16.339115
40000000 21.785492
50000000 27.231979
60000000 32.677914
70000000 38.130024
80000000 43.577099
90000000 49.024265
100000000 54.467785
