1 0.000002
2 0.000002
3 0.000002
4 0.000001
5 0.000001
6 0.000001
7 0.000002
8 0.000001
9 0.000002
10 0.000002
20 0.000002
30 0.000002
40 0.000004
50 0.000004
60 0.000004
70 0.000005
80 0.000005
90 0.000006
100 0.000006
200 0.000012
300 0.000018
400 0.000024
500 0.000028
600 0.000033
700 0.000040
800 0.000047
900 0.000049
1000 0.000054
2000 0.000107
3000 0.000179
4000 0.000227
5000 0.000283
6000 0.000346
7000 0.000394
8000 0.000440
9000 0.000493
10000 0.000561
20000 0.001120
30000 0.001676
40000 0.002222
50000 0.002781
60000 0.003362
70000 0.003908
80000 0.004478
90000 0.005023
100000 0.005585
200000 0.011175
300000 0.016737
400000 0.022322
500000 0.027880
600000 0.033470
700000 0.038943
800000 0.044630
900000 0.050193
1000000 0.055762
2000000 0.111495
3000000 0.167244
4000000 0.223004
5000000 0.278790
6000000 0.334486
7000000 0.390242
8000000 0.445980
9000000 0.501731
10000000 0.557469
20000000 1.114911
30000000 1.672475
40000000 2.229790
50000000 2.787339
60000000 3.344776
70000000 3.902139
80000000 4.459658
90000000 5.017253
100000000 5.574575
