1 0.000007
2 0.000012
3 0.000016
4 0.000022
5 0.000027
6 0.000034
7 0.000050
8 0.000043
9 0.000048
10 0.000055
20 0.000110
30 0.000172
40 0.000223
50 0.000275
60 0.000333
70 0.000385
80 0.000441
90 0.000486
100 0.000536
200 0.001084
300 0.001639
400 0.002179
500 0.002710
600 0.003264
700 0.003819
800 0.004354
900 0.004897
1000 0.005449
2000 0.010887
3000 0.016333
4000 0.021769
5000 0.027190
6000 0.032646
7000 0.038079
8000 0.043519
9000 0.048959
10000 0.054381
20000 0.108771
30000 0.163160
40000 0.217535
50000 0.271892
60000 0.326277
70000 0.380698
80000 0.435081
90000 0.489479
100000 0.543773
200000 1.087567
300000 1.631379
400000 2.175104
500000 2.718945
600000 3.262803
700000 3.806587
800000 4.350357
900000 4.894146
1000000 5.438010
2000000 10.875771
3000000 16.313770
4000000 21.751745
5000000 27.190044
6000000 32.627403
7000000 38.066200
8000000 43.503845
9000000 48.940903
10000000 54.379063
20000000 108.753685
30000000 163.115189
40000000 209.699188
50000000 261.357697
60000000 313.770416
70000000 366.771912
80000000 416.497559
90000000 468.078979
100000000 520.970215
